[bg.jpg]
filters=finetune2=1,0.000000,0.140351,0.000000,00000000,0.000000;
moddate=0d50c5a0a3e6d301
width=1680
height=1049
textactive=0
